   2.8236475e+00   6.7177275e+00   2.7717548e+00   5.7620407e+00   8.0260934e+00
   7.0866603e+00   2.1835554e+00   6.4781440e+00   7.3287185e+00   8.4849796e+00
   5.1253572e+00   4.3708480e+00   2.3581068e+00   2.8891731e+00   8.9475263e+00
   4.2123118e+00   2.2241894e+00   3.0105530e+00   2.3039701e+00   4.2556877e+00
   9.0979011e+00   8.3471601e+00   2.5191511e+00   7.2708441e+00   8.9870516e+00
   5.8414773e+00   8.3735192e+00   7.3337701e+00   7.0808834e+00   3.7539930e+00
   8.2115220e-01   7.4014667e+00   7.7197179e+00   6.8672594e+00   4.8320418e+00
   1.5644324e+00   3.8763579e+00   2.4914265e+00   7.9222760e+00   3.8579326e+00
   4.0148593e+00   9.0465852e+00   2.5306306e+00   8.0802170e+00   2.2418889e-01
   4.4937936e+00   5.1739190e+00   2.5828846e+00   3.2206655e+00   7.8226197e+00
   6.6060405e+00   1.0027279e+00   3.0868744e+00   3.3056015e+00   7.5459168e-01
   7.7495233e+00   8.2439655e+00   3.5841182e+00   2.5766830e+00   9.3198104e+00
   8.5632541e+00   4.4575417e+00   3.5068342e+00   6.1663345e+00   9.0979837e+00
   7.3637173e-02   6.0633132e+00   3.9960417e+00   2.8180781e+00   2.7874619e+00
   7.5837837e+00   4.3372977e+00   1.4422979e+00   6.9774101e+00   4.9717652e-01
   7.0950229e+00   3.2871020e+00   6.1556884e+00   7.8736095e+00   4.8883043e+00
   7.5807544e+00   5.5573025e+00   6.7479695e+00   7.2823341e+00   6.0272382e+00
   9.3703556e+00   2.0558759e-01   7.0135386e+00   7.8047766e+00   6.8443745e-01
   3.9788960e+00   6.2025590e+00   1.9994700e+00   7.7642512e+00   8.2853058e+00
   4.4008422e+00   1.9660698e+00   3.0143831e+00   3.0606914e+00   7.2634388e+00
   1.4667475e+00   2.5395210e-02   2.1776127e+00   2.8117085e+00   5.8347896e-01
   4.4896005e+00   1.9933663e+00   8.5356278e+00   7.0540186e+00   3.9161680e+00
   8.4767577e+00   3.1006153e+00   5.8172111e+00   7.8676112e+00   6.6921755e+00
   9.3540319e+00   6.6923773e+00   2.3983555e+00   7.8399458e+00   9.7159124e+00
   6.6670658e+00   5.2831072e+00   3.6352046e+00   6.9372947e+00   6.4502817e+00
   4.2167576e-01   9.2459044e+00   1.7903553e+00   2.1580179e+00   5.8059094e+00
   5.9282758e-01   7.4056338e+00   3.1666644e+00   2.3692100e+00   2.8764435e-02
   8.4216146e+00   9.7142214e+00   2.6056649e+00   6.8532117e+00   5.4974780e+00
   5.6077475e+00   1.4669076e+00   2.2345982e+00   7.6147974e+00   1.5537048e-01
   4.7197228e+00   2.5726633e+00   2.6633348e+00   3.4687617e+00   9.8069119e+00
   5.4265757e+00   9.8317340e+00   2.7076458e+00   7.6149415e+00   9.0222731e+00
   1.1630462e+00   7.6489369e+00   1.5446928e+00   6.3095526e+00   1.6600893e+00
   1.4423272e+00   6.8611297e+00   7.8767748e+00   6.1415058e+00   3.5675620e+00
   7.0923258e+00   1.3720295e+00   6.7345410e+00   8.0552670e+00   4.2909753e+00
   9.5649652e+00   4.2502733e+00   6.9491979e+00   6.6951270e+00   5.3938760e+00
   6.9445186e+00   8.4137396e+00   2.2735751e+00   7.5316929e+00   1.1609322e+00
   1.9362378e+00   9.1262934e+00   6.8139911e+00   7.0938158e+00   2.1118166e+00
   6.2220254e+00   9.0855647e+00   2.4102174e+00   8.2055563e+00   3.5910096e+00
   9.7343064e+00   6.1337598e+00   1.6186401e+00   7.8271460e+00   7.1419744e-01
   9.0381298e+00   5.4830723e+00   3.0919864e+00   7.5452113e+00   7.5106460e+00
   7.3834085e+00   9.1383526e+00   2.5218003e+00   7.3209948e+00   9.0692188e+00
   3.1368281e+00   9.8168953e-01   3.6983636e+00   3.1674984e+00   2.0927979e+00
   1.7182056e+00   6.2285994e+00   1.9173370e+00   2.9809274e+00   3.5406579e+00
   3.9455334e+00   3.9494768e+00   3.0936680e+00   6.0851561e+00   8.7910503e+00
   6.5344406e+00   1.7386319e-01   8.0447037e+00   6.3252151e+00   5.2752624e+00
   9.5608472e+00   5.6297038e+00   3.5303877e+00   2.9983760e+00   4.5213452e+00
   2.1276982e+00   4.2989561e+00   3.2199575e+00   6.3637002e+00   3.0386089e+00
   7.8260029e+00   6.2383025e+00   3.1812685e+00   7.7500930e+00   5.5748336e+00
   3.0041699e+00   5.2200334e+00   7.4264509e+00   7.0963663e+00   4.3923929e+00
   9.2883108e+00   9.3634622e+00   2.9420567e+00   6.2160200e+00   2.2641177e+00
   3.8463043e+00   7.0059482e+00   6.3050366e+00   6.6310759e+00   7.9581524e+00
   3.1772093e+00   6.7175162e+00   5.5781744e+00   7.2421099e+00   1.7919134e+00
   9.1794902e+00   9.0889094e+00   3.8893738e+00   1.4620246e+00   2.6738958e+00
   8.2360047e+00   1.5823287e+00   3.2192061e+00   2.5406866e+00   6.7166576e+00
   8.5200451e+00   5.2289934e-01   2.3907028e+00   2.3125583e+00   5.3059560e+00
   8.0144737e+00   1.1184388e+00   2.5134978e+00   2.9764744e+00   6.0634164e+00
   3.9048489e+00   1.0864699e-01   7.6978311e+00   6.6792078e+00   1.2727532e+00
   2.7384292e+00   3.8106948e+00   4.4241415e+00   2.9681204e+00   4.1906744e+00
   5.7641022e+00   9.2117298e-01   7.5016829e+00   6.9823365e+00   4.4791134e+00
   2.1697654e+00   1.3377365e+00   8.6326628e+00   7.3967230e+00   1.0839826e-01
   9.4823211e+00   6.8138481e+00   7.4550447e+00   7.4373026e+00   6.9055317e-01
   3.5411598e+00   4.4537944e+00   6.5795091e+00   7.3330478e+00   5.7517515e+00
   4.8453461e+00   4.8468768e+00   3.6148999e+00   2.1505489e+00   4.1384924e+00
   4.7865456e+00   8.7208337e+00   3.0369121e+00   4.9512851e+00   1.9366991e+00
   3.3870011e+00   5.2084989e+00   3.2904759e+00   3.1039075e+00   1.9060545e+00
   9.2240068e+00   8.2026598e+00   2.9933658e+00   1.5803752e+00   6.8001380e+00
   7.2395200e+00   9.0903403e+00   4.5328138e+00   2.8357315e+00   5.5933328e+00
   9.2096266e+00   6.5948408e+00   7.8691656e+00   7.1712056e+00   7.1710284e+00
   4.5879695e+00   3.2589482e-01   2.0400705e+00   2.2881325e+00   7.0556891e+00
   5.2969653e+00   3.7015840e+00   1.3944809e+00   2.5142678e+00   8.2336276e-01
   9.1077727e+00   5.0156313e-01   2.9985665e+00   1.8745198e+00   6.4672416e+00
   1.4845905e+00   9.8486156e+00   2.8385497e+00   6.5356772e+00   2.2465042e+00
   9.0404400e+00   7.0195863e+00   4.5668354e+00   2.4347275e+00   2.4064015e+00
   1.1818931e+00   2.0842483e+00   6.3117443e+00   8.2550807e+00   2.5031116e+00
   7.0400032e+00   8.7803312e+00   2.6022842e+00   8.4667755e+00   8.3742926e+00
   1.5007977e+00   8.5013574e+00   3.1265908e+00   6.9957814e+00   5.0039977e+00
   5.8029923e+00   3.0220054e+00   2.6626051e+00   1.7442450e+00   9.5916959e+00
   2.7287730e+00   1.5110483e+00   8.3824208e+00   7.1242155e+00   1.5179435e+00
   7.4475892e+00   1.2723985e+00   7.5674065e+00   6.9925544e+00   2.3040198e-01
   8.0540696e+00   7.4832683e+00   2.3057557e+00   7.0670595e+00   4.7840064e+00
   9.1235792e+00   4.0736785e+00   7.5259934e+00   7.3230910e+00   6.3573178e+00
   8.9641554e+00   9.0284234e+00   8.4633739e+00   6.6428474e+00   7.7719119e+00
   6.0149930e+00   4.6675640e+00   3.1264542e+00   4.7748091e+00   5.9894273e+00
   4.1584184e+00   4.0250094e+00   3.1058190e+00   7.7250466e+00   3.4294763e+00
   1.4346018e+00   5.3063631e+00   6.5701479e+00   6.9613539e+00   1.6964777e+00
   8.1976997e+00   6.0875330e+00   2.5866701e+00   2.2138869e+00   7.3116789e+00
   5.9082692e+00   8.1922728e+00   7.6008768e+00   6.3998620e+00   1.1842007e+00
   9.0998904e+00   9.2175933e+00   3.5499106e+00   8.6461387e+00   2.4327985e-01
   6.9296691e-01   3.1725061e+00   3.4972018e+00   6.6358485e+00   8.8237856e+00
   4.7338616e+00   3.5365809e+00   6.5554739e+00   7.3878712e+00   4.0475553e+00
   2.7653343e+00   7.1170886e+00   2.2156555e+00   5.9086643e+00   8.6331675e+00
   1.9338103e+00   6.4502785e+00   6.4065463e+00   5.9710793e+00   5.2928863e+00
   7.7181407e+00   3.5710817e+00   1.1148644e+00   3.2696564e+00   6.6037795e+00
   8.5465477e+00   4.8725684e+00   7.0069789e+00   7.4033465e+00   4.8956254e+00
   1.7319257e+00   9.3919241e-01   5.5824988e+00   7.4074375e+00   4.9243411e+00
   8.6722957e-02   1.0422483e-01   6.9917436e+00   7.1865029e+00   2.0773802e+00
   9.6949843e+00   9.9776552e+00   8.7373162e+00   6.0983633e+00   9.0219597e+00
   3.2612498e+00   3.0824250e+00   3.2437732e+00   2.2402736e+00   5.6168377e+00
   6.9363947e+00   3.7823210e+00   3.0915053e+00   7.4782877e+00   9.8249760e+00
   9.0695537e+00   6.1510678e+00   2.5241911e+00   6.9420992e+00   1.9254222e+00
   9.5952548e+00   6.9397587e+00   3.5563006e+00   3.1133694e+00   8.1606695e+00
   5.0355039e+00   7.4923521e+00   2.3474160e+00   7.8832591e+00   9.3397004e-01
   4.3071427e+00   6.0151017e+00   3.2976913e+00   2.2122437e+00   8.1107091e+00
   4.6760270e+00   2.6747931e+00   2.6167698e+00   3.0737940e+00   1.4779202e+00
   9.1839678e+00   2.5644047e+00   7.1168542e+00   7.6949787e+00   6.4710936e+00
   2.1334763e+00   9.4099916e+00   2.4714797e+00   2.6799881e+00   2.1689288e+00
   3.6636644e+00   8.7986334e+00   6.7917837e+00   7.2092452e+00   5.9504001e+00
   2.7735777e+00   8.1301390e+00   2.0692466e+00   7.6806882e+00   5.5458472e+00
   3.9987992e-02   1.5798133e+00   2.8667301e+00   2.7852843e+00   5.1808965e+00
   9.6780867e+00   3.1426755e+00   2.1867792e+00   8.5539636e+00   4.7385179e+00
   9.7852683e+00   5.8908436e-01   2.3060315e+00   7.3457997e+00   5.8537581e+00
   9.5025205e+00   2.6791846e+00   1.4194028e+00   7.5854473e+00   2.3951821e+00
   6.5312180e+00   4.2007373e+00   2.0942109e+00   2.9483870e+00   7.9746227e+00
   9.0468634e+00   4.0838872e+00   6.6612577e+00   6.4518978e+00   2.6568918e+00
   9.6105310e+00   1.1587924e+00   7.5596555e+00   7.3552872e+00   8.6152442e+00
   4.0435069e+00   5.0653382e+00   4.3176947e+00   2.4949694e+00   6.1683708e-02
   7.4014878e-01   6.7898302e+00   2.9037795e+00   7.1047041e+00   7.2602593e+00
   4.3458090e+00   5.1469715e+00   3.2721187e+00   6.7034043e+00   1.4591049e+00
   7.8459978e+00   3.0560435e+00   7.2555127e+00   8.0371433e+00   9.8147909e-01
   1.9478556e+00   2.6650721e-01   2.8405071e+00   5.9006071e+00   4.7684024e+00
   3.0941937e+00   7.1592631e+00   6.8255964e+00   8.8353256e+00   2.7354160e-01
   6.6705591e+00   4.0706044e+00   5.8936061e+00   7.2675879e+00   5.3022880e+00
   7.7435765e+00   6.0248604e+00   3.3980668e+00   5.9514304e+00   7.9893672e+00
   4.7758538e+00   7.0519033e+00   2.8819818e+00   6.1219563e+00   5.4050505e+00
   9.7012459e-01   4.3521710e+00   6.7198494e+00   6.8106445e+00   8.2189270e+00
   2.9519166e+00   4.7056538e+00   3.3939440e+00   1.6065734e+00   6.0957607e-01
   5.7443286e+00   7.2752937e+00   3.3815470e+00   2.3741803e+00   8.8420806e+00
   8.5033649e+00   7.8694095e+00   2.1278130e+00   7.2187968e+00   4.8016038e+00
   1.0899524e+00   9.6111584e+00   2.4671317e+00   6.1337140e+00   2.1001765e+00
   6.6364644e+00   4.4687366e+00   5.7260539e+00   9.1644147e+00   1.3593196e+00
   2.6029470e+00   5.4656264e+00   1.7828267e+00   3.2082374e+00   4.3861330e+00
   2.4068210e+00   3.4378092e+00   3.8992826e+00   2.3063448e+00   6.8041139e+00
   3.5279327e+00   2.4444915e+00   3.3983868e+00   3.1833351e+00   2.0977446e+00
   8.2960084e+00   7.7542948e+00   3.3835204e+00   7.1654345e+00   3.6526987e+00
   1.3455342e+00   3.5633510e+00   3.1487994e+00   2.1794343e+00   7.9793436e+00
   1.7560168e+00   5.7928105e+00   6.2045499e+00   7.3850569e+00   5.7037496e+00
   8.7035716e+00   8.5633024e+00   3.4912066e+00   3.1158958e+00   9.1492911e+00
   4.4392838e-01   2.8792075e+00   1.8293292e+00   2.6896876e+00   6.1083058e+00
   4.7975690e+00   8.5865389e+00   2.4504274e+00   7.6599837e+00   2.3167507e+00
   8.4695330e-01   4.4784720e+00   3.3068256e+00   5.4124601e+00   3.3737545e-01
   6.6882460e-01   1.8681509e+00   6.4026711e+00   6.7186671e+00   3.3596430e+00
   1.8387635e+00   3.7620828e+00   7.5522207e+00   5.6010576e+00   3.9040915e+00
   4.2849725e+00   5.1368434e+00   3.0819482e+00   1.9180134e+00   5.5372795e+00
   8.2604641e+00   6.9155715e+00   1.6394077e+00   2.1019007e+00   8.4793972e+00
   6.8241270e-01   2.6546034e+00   5.2857281e+00   7.7448282e+00   5.0514738e+00
   9.2130341e+00   9.2945333e+00   3.5678050e+00   3.0932312e+00   7.7586979e+00
   4.4416772e+00   2.0977098e-01   3.6877617e+00   6.0676874e+00   9.2554293e+00
   2.7900025e+00   8.9261457e+00   6.5159344e+00   7.0481551e+00   5.0119309e+00
   9.6257146e+00   8.3270074e+00   6.4139410e+00   7.1986040e+00   5.4536622e+00
   8.4090934e+00   1.1548799e+00   3.7264639e+00   5.4321292e+00   2.2179608e+00
